 392.8777320219  584.0117264971 1742.2800000000
 540.9499382236   93.5668837762 3936.8430000000
 698.5411079925  717.9025387678 2015.3120000000
 538.6403380810  617.2928841085 3884.3920000000
 442.9885062744   67.4480000870  425.1430000000
 266.6324997982  888.5703013404 3719.8900000000
 208.2097926631  429.1283157483 6454.0410000000
 727.6290235407  712.1520816933 8420.8450000000
 854.0392299575  336.4270242499 3524.2860000000
  60.6127880018  361.4116996469 9195.4480000000
 610.1903044417  815.3146079386 5590.6500000000
 812.2695977673  588.5143472786 3734.3100000000
 525.4021198394  203.6162938427   77.0100000000
  16.1807886914  791.2666325401 6317.4220000000
 678.1363975891  709.1889618459 7601.8320000000
  98.4146168990  725.0783592557  595.8940000000
  57.6765311024  196.6529781296 7227.3830000000
 951.1656546789  858.5363243203 4602.6610000000
 810.6407588948  828.0158371413 5465.5640000000
 738.1127942309  811.2928805204 4575.8280000000
 898.1579583505  772.1248715965 3457.6640000000
 145.5168853289  349.5455391965 3152.9490000000
 952.6045106883  797.6263108693 8063.4510000000
  64.3127041753  255.4524986386 9283.5460000000
 885.4973035581  401.2711929603 2962.7760000000
 700.4696544307  440.8800724665 4398.3230000000
 253.2150972861  347.4129041476 7175.0900000000
 153.4701239232  896.3284242223 8773.6580000000
 503.4732069228  426.8862756055 2992.4670000000
 787.5205042723  204.3944855690 7164.2110000000
 521.1007016644  627.0136811277 8522.1390000000
 631.2569345677  200.6974259875 6389.2310000000
 678.1794054385  154.4406808829 2636.2050000000
 384.3655110166   29.3923788567 4112.1350000000
 233.0343433840  205.9289530225  888.8680000000
 861.9147904087  956.2091906377 6229.8240000000
  71.1450088535  547.5938371472 9113.7200000000
 268.0283866686  308.1125407387 5488.4790000000
 643.2385759943  771.1368959282 9152.6290000000
 131.7218993417  290.6372865832  785.2210000000
 532.7531926732  149.3060398671 6159.5270000000
  51.8000335662  973.6899236138 1438.0970000000
 423.5524132823  835.9040431940 4801.8290000000
 250.5096307718  763.3134360378 4066.8440000000
 685.9587780506  444.5389520269 8552.6230000000
 913.1021082252  316.7369991867 8899.3140000000
 242.6783157504  914.4768819191 1200.6120000000
 152.3661153526  283.5867293512 3797.3300000000
 510.0990084613  818.5884954127 7242.9740000000
 363.4311433213  937.2301576239 6294.1130000000
 763.7313018730  602.5867505492  478.6140000000
 577.6295992117  713.5114205776 8884.7590000000
 286.8499673270  548.3260104205  864.2650000000
 959.3933768416  713.0729333280 9862.0860000000
 704.5373976637  832.9977332042 4480.7840000000
 763.0501762068  208.3642906910 9511.5750000000
 358.4636280335  888.2082113930 1697.8020000000
 245.4464884539  284.4937808101 9558.9830000000
 863.8422735511  248.0784579131 3706.4150000000
 255.4366403987  638.5463919777 6709.2080000000
 828.2024330743  283.8191188071 7365.3380000000
 454.3310115486  765.7006411744 9950.4650000000
 369.0924195670  147.9007383588 5598.1540000000
 496.3341033250  820.2863084934 6267.9610000000
 607.6594983190   58.7032737990 3678.9870000000
 570.2659335255  200.6763500265 2478.9320000000
 847.8463044113  832.9092379635 6910.9270000000
 701.2635543510  760.0752921815 8247.7260000000
  83.7694306164  577.2927496731 9164.2570000000
 282.8002217032  679.4276967361 9866.0530000000
 764.8073174749  364.1422468627 4197.3140000000
 776.7931336473  689.0106303517 8208.5920000000
 140.2434817625  888.1962363049 7797.6860000000
 125.9012305919   24.3099840159 1235.9000000000
 800.3212843450  811.9063463019 1690.1030000000
 582.1436462447  328.3471698935 9571.4640000000
 323.7434312821  196.3351833073 3463.3700000000
 707.0935196247  542.7078992163 7803.3600000000
 873.6766423226  955.3988959680 7044.3420000000
 749.3158814989  586.2692475401 8247.2850000000
 594.6030848714  201.3189510652 7533.1330000000
 385.6710293082  523.3262661768 3669.7460000000
 235.9181180279  131.1508396617 2520.3840000000
 526.6641832118  738.4745549823  839.4990000000
 345.3793648437  371.4235881904 9812.9550000000
  56.8166036277  927.4419816419 4402.3020000000
 971.7834544339  507.1766173626 2246.0420000000
 705.5763975976   91.4404859894 6327.8870000000
 205.9562007679  598.3812498939 2873.6490000000
 839.9910244822   94.9689801249 7646.5830000000
 259.3074763790  482.7045845837 5190.1130000000
 628.3993260227  167.2809596533 8182.9470000000
 587.6653905045  398.5733877658  496.6890000000
 455.4850412089  246.6804890493 5030.4070000000
 838.1024661583  179.8240313548 8411.1930000000
 557.9728346917  582.9013614796 9338.4740000000
 939.4959600743  888.7274351851 2616.4850000000
 901.9197380398  120.1197611212 3065.4110000000
 333.5857424204  103.8364434581 6014.8000000000
 315.1208827762   23.6761925027 6366.0470000000
 310.5123960196  172.2513566484 1728.2670000000
 720.4919108629  225.6191472699 2636.9280000000
 374.5316652078    3.1515083711 6058.5130000000
  60.1700979702   33.1781090980 1548.6160000000
  23.2736968750  522.9548900168 9256.1540000000
 648.2695184735  952.4013877375 1995.2490000000
 825.1074484821  757.4414059799  388.9410000000
 408.0165804605  755.5477777609 2341.4100000000
  68.9206732574  847.6579603591 4838.8700000000
 823.2385129178   91.4631314417 6921.0350000000
 930.0071976348  764.3407420929 1075.9970000000
 723.5410741445  275.8190187327 6936.9090000000
 234.0479829658  347.7260319953 6890.9490000000
 907.9020483151  272.6077680689 3934.9410000000
 742.7141313675  780.4035438835 1729.0690000000
 445.1101252013  806.1276043859 2316.6230000000
 962.6130684259   81.7681450393 9135.1680000000
 546.0686899905  337.5361119703 8056.2860000000
 871.8300524934  500.9655899215 2536.3560000000
 628.6581727958  661.9824672573 7275.9490000000
 543.0400557954  257.7152880607 5077.3480000000
 459.0194808500  788.8775126540 5687.8340000000
 339.3315877706  336.6543806806 4362.7330000000
 593.1808757607  762.7933341164 7449.3910000000
 391.5235061436  552.2155519041  607.5340000000
 222.7816725296  167.1459454971 5713.5620000000
 197.0326845442  860.6813553606 9673.2030000000
 581.0874862064  274.6937730535 2341.9370000000
 976.4547143112  568.7841723307 4061.9720000000
 347.0413952651  513.1176547459 7843.5140000000
 493.8974432788  261.4980467704 6418.0760000000
 722.2328051168  991.2824238634 5788.4080000000
 297.8441020510  703.3219055310 3168.1770000000
 699.3969532672  972.6622780965 6624.6450000000
 226.8593102792  839.4724115107 5322.7070000000
 310.7491716635  118.8284447989 1116.1110000000
 796.4900242678  186.6583185755 9320.8000000000
 584.9718002751   94.1271867395 2358.7810000000
  41.5991647859  134.1287109929 1268.7280000000
 466.9517735059  298.3099061689  577.1400000000
 124.6789277765  918.4263610295 1598.8590000000
 901.9539415754  455.2968870871 6428.6380000000
 677.2584290181  660.0455400873 5635.3800000000
 663.9184565472  954.5024753412 5345.1840000000
 357.9419977794  895.2134640604 5835.3220000000
 747.7520838602  937.8148325457 8230.0550000000
 470.3811207392  464.8946182796 8588.6650000000
 349.2067018954  415.4957745761 7537.7180000000
 972.2392677761  567.7890850680 7887.9000000000
 647.9741932277  241.0157516869 4043.4080000000
 648.3822629554  802.1722096398 8362.6960000000
 987.2576559849  692.2901307459 9327.9770000000
 246.4442094361  338.7818279444 5035.3110000000
 222.5817791688   95.3291395975 4749.4030000000
 651.6792069946  134.1098862969 8571.7580000000
 285.8671034318  347.6543452183 6252.1090000000
 681.7478613210  631.2262816964 5136.1510000000
 588.4036060318   98.0898174503 9304.2380000000
 326.0721832421  446.6580547798 4523.2300000000
 153.0604017030  517.9163045796 2295.4380000000
 553.2478732191  522.4910031875 9837.9220000000
 126.6396002157  148.7983759916 4336.3680000000
 523.3909692349  469.1057080143 5370.6710000000
  56.1586934009  878.3411105455 3257.7760000000
 827.6038425403  844.7973227435 5711.6280000000
 416.6664701125  111.7482093351 7111.8860000000
 438.2806640062  844.6344548012  752.9940000000
 924.7465224824  164.3480113805 2251.2330000000
 392.3546738034  905.0035379869 5712.7780000000
 154.1313085323  576.1663524024 9437.7970000000
 892.9907851500  596.2503855798 8309.8110000000
 552.7750156326  775.6707089275 6975.0000000000
 848.2867047009  570.6195633769 2832.4810000000
 731.6076664406  421.3505761409 3832.2220000000
 759.4051972268  373.9808680326 2144.6690000000
 612.1039833656  999.5438965173 2640.0930000000
  15.3306605032  407.8086195610 8202.7530000000
 864.3171876589  324.7743209702  487.8410000000
 778.8549014445  954.6368574670 1927.0170000000
 890.9563487368  491.3501409506 7083.0480000000
 796.4123563787  839.1832954363 7258.0080000000
 191.0432403826  375.6500400073 4189.6450000000
 205.5147183380  294.4995162279 7880.4210000000
 215.2967337545  847.5732628900 5711.1060000000
 129.3120326780  915.2789194926 9830.1290000000
 172.2529170428  574.5325495425 4420.3320000000
 957.5888731119  108.1941127835 8398.6600000000
 699.7651048251  395.9160365809 3462.3900000000
 438.6781793600  263.2352464049 3267.3770000000
 842.5658678091  211.4963720824 9396.4590000000
 313.4016201362  463.5874339991 4462.9700000000
 506.9476468093  711.1819099466 8943.1510000000
 273.6984636075   89.7528092581 1817.8130000000
  53.8885529396  921.0765830880 5725.7080000000
 635.5644764014  242.8949795409 8402.8710000000
 169.7577503290  843.1269851467 2320.1350000000
 685.5966700841  772.5844711860  605.7670000000
 768.4293600095  611.5485796741 9760.4030000000
 146.4958289196  524.2142783988 3849.6270000000
 751.4626370008  813.7546124365 3399.6430000000
 360.9020747881  575.8301747029 8555.3140000000
 727.3455631048  459.3727429984 4544.6870000000
 412.4341161644  985.8125806784 8975.5480000000
 681.2949781168  606.5004023575 9615.8950000000
 582.1207963911  368.9553437768 1577.5890000000
 431.1455903926  746.3977700183 7512.5110000000
 923.6758260055  323.8493920743 6293.9650000000
  10.8800626744  628.6592483673 5379.7940000000
 736.7884333815  918.0996361659 5239.1460000000
 822.0682569201  498.2495823724 8790.8710000000
 954.6871149031  432.7461657441 9413.8660000000
  87.6912534254  480.9027379299 4405.2340000000
 339.2303975601  350.1639126648 4966.5050000000
 356.5575565638  656.6103948108 8097.5020000000
 892.0673314655  596.3467464891  199.8200000000
 236.3772854088  813.8941848391 5233.5670000000
 366.0368102744  766.5507417766 1617.3660000000
 297.4785313562  886.3137979426 9794.4640000000
  47.2052403864  521.0943571814 8781.9430000000
 977.4294063085   92.3017500696 7217.9210000000
 137.0670993934  702.7668818620  961.9040000000
  41.0938163965   80.1343034788  668.8800000000
 301.8650714826  108.3664481251 3792.3130000000
 594.7451743857  220.0679577260 9707.5120000000
 998.1873033775  193.8246935528 7267.9240000000
 122.9955253586  179.7093038214 3459.2960000000
 940.7486568621  134.7511405653 1073.3830000000
 489.6916202265  208.4533382795 1088.1560000000
 680.1211771959  612.5065078912 3771.5460000000
 219.9129652839   80.5603508082 1030.9330000000
 419.5970131021  881.7181018214 5910.5690000000
 728.9981485451  389.6338853086 6688.6820000000
 419.5862069393  198.5930370803 6340.5120000000
 981.0208134517  132.2317224259 1425.3510000000
 163.4169369762  577.6958782531 6585.3510000000
 507.3038592932   93.6585788291 5353.9600000000
 734.8492695362  291.6988340533 1100.0390000000
 882.6892710283   81.6599527485 2769.8210000000
 976.3290846327  154.2394401126 5726.8330000000
 902.2952532606  215.3763093321 3713.7950000000
 146.8083575517  719.2338847379 2191.6020000000
 504.6733152447  238.2235735182 9228.9570000000
 213.9653966482  303.0332990093  558.8960000000
 301.5152675887  700.4773483522 4842.9170000000
 130.3107939050  572.7138746775 2172.8570000000
 673.7125338928  163.7751229797 4815.9320000000
 534.6879955046  149.8144539937 3696.6640000000
 224.5341112156  676.0857171503 4110.8530000000
 167.0502370448  732.0564804574 4842.3600000000
 811.9472460869  308.7213354286  952.8610000000
 805.0025299565   34.1635371808 2640.1910000000
 952.6481511332  741.3766772353 9561.4570000000
 952.1432488257  966.9869599720 8485.5780000000
 563.0641405065  727.3716863048 6179.7100000000
 585.6339225184  900.2050763147 8544.8920000000
 410.6496630409  817.4513493905 7140.3900000000
 580.9159262007  258.2617871507 6689.1270000000
 348.0746897960  311.3625259358 2358.3500000000
 574.0239548231  664.8225939296 3217.3810000000
 120.9010113533  933.3236296462 2504.8720000000
 910.5015858101  138.5394113588 3958.0220000000
 925.5540717902  879.3611766179 1103.1260000000
 415.2664237640  632.4557143029 7592.0360000000
 770.0017367092  396.0584653618 1003.5400000000
 253.0251224237  353.8742747400 4396.1430000000
 297.7343904912  954.4689069051 6991.6200000000
 430.2536497557  574.7621412979 5187.7360000000
 991.5677207139  958.2141387809 5705.2360000000
 112.3091877459  991.3532188571 3672.9900000000
 414.1775595359  147.6037969973  368.9850000000
  36.1382605038  484.4185271900  225.8590000000
 375.9660118466  854.5174494843   84.1180000000
 826.0880103464  406.9169990082 7400.2160000000
  78.9003963159  745.8198499836 2256.5710000000
 955.2421521472  247.6491119084 2209.7830000000
 468.8456485142  932.1864515122 7134.4360000000
 718.3503912524  819.8249397936 2879.2840000000
 264.7011018169  379.0400701933 7010.2590000000
 724.4683193599  559.4247335527 6822.7490000000
 614.9728344179  545.6946254240  291.8950000000
 703.6362033797  315.8713731870 5957.0190000000
 679.9694500908  506.5445528054 4946.2280000000
 525.2240721970  328.0397679764 6995.1130000000
 942.4132102805  426.7389045202 3579.4910000000
 215.6672960072  221.4448810291  438.6940000000
 918.4196426632  926.9760744457 7161.6370000000
 956.9128307327  582.1538811709 7923.6260000000
 564.2486872503  373.9683367238 8874.2560000000
 857.1432522752  373.9117009237 4158.6900000000
 851.9963505653  570.6464169037 8224.9560000000
  73.1539187222  504.1500615851 5694.5510000000
 201.1114733549  334.6381699762 7107.3470000000
 285.6970715788  720.9943318052 3396.6480000000
  99.1257868069  482.9771137050 9295.4630000000
 789.8874431223  667.3803610171  969.0430000000
 897.4208987447  271.5193313992 7563.4300000000
 562.8581299695  932.8841826332 5852.4470000000
 417.6124311244  150.5859564928 4553.6780000000
 658.4740433988  852.9654981377 6933.3690000000
 317.8225182595  123.5903664187 5236.3380000000
 498.6685177283  305.4393727939 1856.1980000000
 731.9730169810  158.7655960060 7584.2740000000
 974.2563208743  963.2760329026 4398.1860000000
 267.2872121509  177.6329967634  426.4790000000
 423.8445234008  171.4013622792 3889.8760000000
 208.4465443807  599.3985914412 1550.2730000000
 262.4754484494  534.6534677293 6550.2360000000
 579.8414762834  270.6279588412 7431.5010000000
 314.6838086655  318.7375157311 5835.0490000000
 339.9365649986  673.5898451304 7632.1020000000
 348.3934436418  181.0087351270 1416.4470000000
 364.8207921914  438.9007275554  285.2330000000
 282.7374410207  541.1784003280 5636.6130000000
 392.8481660268  549.8897492583  277.3360000000
 477.2959333446  972.7848610518 1594.5940000000
 788.9323171893  920.1809761647 3040.9280000000
 121.9786212560  415.8043447786 8285.2940000000
 805.5813121812  752.9252532880 5316.7440000000
 302.5987234416  272.3484378639 8236.2720000000
 103.8136763479  798.4264306917   73.3620000000
 880.6127125637  715.9247170254  172.0700000000
 205.2986007181  161.1936897765 7949.4970000000
   6.5128886904  907.2599306847 9637.1410000000
 505.3196404789   58.8510038227 8290.3500000000
 292.8030553991  524.8436522577  955.5740000000
 633.8411034409   93.1328947705 1985.1780000000
 357.8525660202  767.0027802240 4095.9530000000
 630.2595243906  391.8759710548 7997.7610000000
 367.5276269280  116.9050908373 5108.9270000000
 339.7022125958  953.4193524525 9552.4870000000
 145.2701690906  956.4899279951 1948.1120000000
  59.7467617034  749.7575502331 2453.1280000000
 487.4538317676   17.2126305030 2275.3160000000
 103.4134414945  498.4597021579 1744.3180000000
 151.8186221328  531.4067541567 2861.0680000000
 105.7151143785  418.4090112440 7871.4540000000
  20.1139623393  339.4774310030 3462.0580000000
 517.8859910939  960.6253273252 5366.1270000000
 657.9434454702  575.7028571000 1598.0490000000
 407.9451105458  219.5375992700 5812.8580000000
 686.8260698116  534.1803648052 8940.7610000000
 942.9685876305   45.2758806873 9089.2930000000
 375.1483367345  960.6731177277 8513.2500000000
 463.8621999896  404.4495272020 8485.1860000000
 771.7451123552   54.7675705081 3496.5780000000
 995.2096060672  182.7176328588 3883.4410000000
 721.2796702164  547.9787467670   35.7360000000
 151.6286926730  840.8955353463 4535.7560000000
 684.0504588475  169.5990000180 5382.4630000000
 419.0682894020  379.1948459496 7611.4380000000
 450.9700923818  865.4167567280 9330.9690000000
 589.5151994612  228.2474348519 8384.9040000000
 410.7479042570  210.7386176732 6984.7100000000
  14.9750976678  566.6815070614 2118.0750000000
 851.0203142645  394.8064437585 8198.0030000000
 300.2869387114  303.6624110262   70.0250000000
  15.6461852921  957.8838416953 7793.9430000000
 972.4793545471  500.5789524120 3028.1820000000
   0.6075533420  565.2107681622 8067.0230000000
 619.2577260954  323.2442391148 4922.3070000000
 552.0924418946  606.8337288273 3801.1500000000
 473.3239689975  997.6967952433 7792.2040000000
 979.9175444956  342.8429373153  706.0740000000
 597.9843267315  517.4058337621 3189.3870000000
 562.6111920788  866.4127987618 1901.1860000000
 789.6147427598  643.8050225667 6277.0280000000
 388.4194756921  950.3340295738 7927.4160000000
 312.9417112391  728.1097493987 8945.6550000000
 738.0526554906  166.4637271730 3286.6220000000
 306.3992479113   30.4767849215  397.1230000000
 105.1856921385  733.6111830557 4203.1480000000
 489.3630373586   38.5043469075 5297.9670000000
 302.0358590376  741.6176311570 6152.6710000000
 945.8001779877  105.8394387361 4915.8020000000
 888.8222669177  523.5914576543 6656.3160000000
 695.2687603404  901.5805022506 8998.0250000000
 273.3253001582  481.5088946000 5309.3080000000
 361.4108036546  341.4035729727  618.7070000000
 173.2854329444   12.8392717114 3387.9110000000
  49.1029244225   64.6283209583 2113.7170000000
 939.5854615716  907.9569125648 4509.6280000000
   7.1165007734  129.5891949757 3571.3660000000
 268.3712986973  683.8636104017 3531.7840000000
 416.6700010034  469.9063032873 1390.2000000000
 650.0093295168  453.0547789979 6453.8370000000
 763.4233234752  131.9245367462  119.9280000000
 120.0907828362  686.1745805935  798.6450000000
 449.0301013363  289.6921699132 7347.5650000000
 403.3049992839  369.0599316729 5516.1880000000
 227.5058935003  197.3908388605 6678.9840000000
 825.9096216800  763.1643851453 6576.9520000000
 532.7067476347  324.9672720022 5015.3800000000
 668.0168269813  102.6540760251 9267.5380000000
  39.4587542562  963.5917580360 6172.6060000000
 234.2155930694  877.9852215884 8902.6490000000
 787.1114920802  162.1406823890 6495.4870000000
 429.5533858791  810.0150938181 6829.1400000000
 727.8729102863  340.2611261039 9254.5190000000
 183.8086282951  578.8675284872 9791.3420000000
 651.2150177830  741.0058774257 2272.9000000000
 606.2599370319  878.2192637050 4993.6130000000
 511.7692547161  755.3344795905 8130.6030000000
 261.9538550547  379.9774080658 5545.6350000000
 352.5491886847  339.6027416871 3360.6720000000
 720.8654205145  850.4963738299 6886.9680000000
 293.8950191205  318.2654016660 3941.6550000000
 373.1400457651  512.8781478022 2707.0200000000
 646.3713467499  427.9674845840 9968.1470000000
  50.2112307666   28.8682357223 2720.9540000000
 721.8942989277  923.3051667013 5236.6300000000
 917.7260890609  329.1933156724 6315.8040000000
 651.1551287505  382.8701388195 4422.9800000000
 406.9340728864  247.4052869058 7897.8500000000
 679.2853638810  777.5206530973 5076.3400000000
   5.8702450883  379.4105864935 7074.2620000000
 388.9910888442  689.3257252315 6555.8610000000
 231.2069383277  872.8706428153  380.2610000000
 897.2697632946  893.8916471266 7754.8540000000
 741.4538094695  882.0956793947 9877.2760000000
 765.3115940758  982.1687589119 8672.8830000000
 788.6962948689  996.6267384073 6826.3260000000
 551.1776675305  739.2891128082 3010.6120000000
 576.9918254757  593.1558246667 7981.4250000000
 192.1625941920  102.5194661683 4594.0020000000
 982.9971755157   32.9279136126 5516.1680000000
 722.0949342763  470.2767287504 5921.5100000000
 402.9026919851  581.4490896193 4827.5740000000
 872.6492123006  258.6415550616 3027.0640000000
 596.2135227238  532.9614241691 3558.2970000000
 464.4010194448   26.6290743460 4438.0290000000
 189.5643495814  399.4819148801 9213.7070000000
 921.5233602065  389.8078429381 9775.3830000000
 671.0509952890  963.0920667757 6265.0510000000
 924.1924577909  783.0436181613 3705.6810000000
 983.0151370325  202.8421905272 9133.8360000000
 997.7015437567  934.1196214715 5942.8710000000
 240.7253188379  477.4714688811 7924.0750000000
 501.3403514887  484.0745155048 6962.8630000000
 245.6286110516  178.4596630588 5155.4960000000
 969.3755888502  397.6242890012  404.2430000000
 700.0004964044  341.3775863264 5468.2200000000
 439.5397275636  805.3037677593 6872.4550000000
 788.6201732961  317.3634188551 5702.4610000000
 320.7649083827  412.0532825316 4348.8140000000
 791.3769361154  631.4836991045 9759.1290000000
 464.0944046095   95.8353681691 8655.2570000000
 895.9662312957   84.3706638394 4040.9690000000
 541.8174590233  352.3438796222 3684.9590000000
 454.7509409724  152.4034703966 3350.1670000000
 166.2373071295  662.7995981662 7340.6370000000
 685.2998479785  897.2782173418  136.8520000000
 618.1383581595   62.5981686565 1508.2820000000
 657.1084621449  166.4543570491 8682.2600000000
 755.6725924982  357.9238302110 5834.5350000000
 291.7272262453  532.4700925173 9857.6620000000
 958.1647078959  810.4512590141 7690.0770000000
 780.7485517669  534.2902044640 6691.5710000000
 569.6112670552  219.4765396713 8327.1990000000
  94.1016513024  621.4471042842 9237.9660000000
 658.0274238036  254.8597586984 5933.6860000000
 204.1158476354  208.9043221278 2770.8580000000
 336.9245393746  509.7536896464 4822.8460000000
 930.7667266429  294.6796617661 2707.6720000000
 911.8700611615  971.0786851829  374.8500000000
 358.8018092684  713.9676763494 4926.7360000000
 650.1506201276  668.9406287807 7270.6620000000
  73.3370425633  764.2312196099 1302.3490000000
 626.2581012296  929.2083431799 3968.1930000000
 789.4204846340  269.6614923281 7812.9470000000
 395.9362293939  480.6276183000 5911.3360000000
 641.8001494966  215.9545067324 9931.1870000000
 892.1222011229  268.8677991929 9505.4720000000
 579.9765228160  605.1484097642 6095.1600000000
  36.0573890788  112.3547283557 6025.6040000000
 153.3005987562  804.7385393240 1772.3360000000
 906.0808021571  752.6891663898 1152.2580000000
 940.9737996736  216.6177271098 1315.6910000000
 616.6246457911  656.6002416374  281.0230000000
 999.2546313405  813.0247876758 2797.0420000000
 215.3647231062  415.1277739588 9868.2060000000
 776.0270163775  893.1701690116 8076.9140000000
 212.0338217011  353.1319093910  320.4630000000
 841.9844636955  143.0203244674  293.1230000000
 786.2512603761  150.4524342056 9992.1310000000
 664.7568787392  740.2178149043 7950.0730000000
 183.1984626017  823.1866327245 3120.5860000000
 211.8283682901  267.2667877546 6064.9670000000
 366.0251338894  305.3168065554 6626.5650000000
 910.8205497988  680.9407730778 3041.5240000000
 146.1278064527  389.0232848015 2970.8370000000
 969.7343515580  560.0055528452 7731.3770000000
 921.6094419061  756.1896439223 4247.5300000000
 109.4057433905  510.9505959747 5611.4030000000
 907.2788039827  889.3724685528 8683.2250000000
 777.6942685986  573.3616513665  224.2360000000
 595.4961912427  460.6899391130 6193.7680000000
  88.2112537178   20.2099523636 5540.0380000000
 826.2801985104  331.9301287914 7840.4680000000
 290.7574106866  307.8424616584 4210.0880000000
 620.3787509311   74.5721135571 2355.6620000000
  68.7223885632  477.8707577110 3775.3670000000
 114.3271057628  248.4246870610 5524.8080000000
 449.3612635216  855.5280123821 8713.3920000000
 978.7942940575  922.2058908908 8487.6350000000
 481.9039165589  902.3471044206 7169.9760000000
 468.3344327675  736.0551790820 4042.0930000000
   9.5471567293  967.4346863114 1714.3360000000
 282.4161785796  398.5772907705 5108.7920000000
  52.7136050865    7.7989072536 8329.2930000000
 176.1368282937  880.9165349221 2665.4740000000
 301.1114466345  112.9802747817 4925.7340000000
 377.9657195936  764.5969631045 6935.1170000000
 542.6586595367  532.9090794992 3242.8350000000
 407.1957924690  564.7163786059 2370.3430000000
 150.0984253003  459.8043010466 7322.6800000000
 562.6138212378  274.8283729372 5202.5320000000
 907.3609076212  813.7105190200 9558.3240000000
 826.1197303195  555.5167298046 9916.8830000000
 941.9956810248  906.4419982948 6305.2690000000
  11.5272368889  648.5866586426 5093.6460000000
 588.3859499300  964.1380311017 9383.8520000000
 932.8926909571  276.4092640638 8458.8970000000
 935.9614363719  848.0466507158 5618.8340000000
  83.6632214982   59.6448989237 8772.0490000000
 213.9233892826  872.4060064247 2466.1870000000
 644.0667268885  732.9085678425 8117.3110000000
 167.4842919682  747.1841502657 5337.7930000000
 579.1339556413   79.2296649140 1256.4970000000
 132.6403675292  409.6807077169 8493.6990000000
 583.2441107381  760.5237578211 9654.0590000000
 599.0516484894  816.6227737277 1338.3330000000
 772.4503853790  359.1445648090 1533.3770000000
 947.9303584609  779.9261226658 1110.2460000000
 347.1192585182   28.4186731158 7516.7630000000
 592.3891532739  200.7688790832 9741.8100000000
 140.7248206556  288.3148617370 4909.3420000000
 556.8356611304  815.6937588986 1001.8130000000
 654.8157965263  103.1926052123 5096.9550000000
 285.1611044851  964.6457291559 5804.8720000000
 144.2466044683  396.0200906228 4647.0130000000
 128.5454772444  244.3310628452 1130.5160000000
 773.6993445498  338.7300434699 5054.2960000000
  58.3550758657  966.5523941738 6663.9640000000
 199.3132236264  908.8649102089 1405.1900000000
 981.7935986273  512.6038346927 3841.0280000000
 943.9687590149  413.7702243989 1006.5380000000
 974.3305040043  299.9528986156 3211.0040000000
 108.9011502685  596.1683438010 7920.9950000000
 438.6651097568  664.9837146839 7152.3470000000
 697.0613387855  988.2048346053 3769.7520000000
 859.1879596078  445.4576247690 8183.6760000000
 686.6912204954  859.5972575679 3724.9050000000
 444.0764578677   21.6910874578 6073.2190000000
 979.6396125606  192.3594147770 5655.5800000000
 583.6135420191  570.5603480925 5297.8910000000
 123.3571601451  938.0428411698  470.6500000000
  46.2523693813  997.5148323502 4242.4420000000
 855.2206195196  500.2721353325   92.0640000000
  75.8274305053  556.9419891317 7931.6710000000
 801.2429678580  107.4379327009 2690.4640000000
 732.3837612766  340.7284881190 1595.6250000000
 259.5844064242  968.9029126696 1031.8510000000
 670.8203525618  320.4063789489 5488.7770000000
 764.5773121560  857.7707124816 1452.1790000000
 107.3838018004  353.7193190683 5097.9150000000
 833.9883729277  849.3161937049 7246.3480000000
 565.3276253249  817.5050696267 1127.0900000000
 897.0683207197  225.9356214098 9498.1860000000
 489.9113761757  282.9519087429 1857.5560000000
 251.8546799062  194.2957101559  676.6650000000
 406.6363031389  805.9172734640 6030.9010000000
  47.1865780597  752.9029263900 5987.3010000000
 681.4497054010   35.5811991180 7148.0620000000
 689.7975433166  298.6243667807 5521.9500000000
 395.9611305251  942.0998482066 2837.8580000000
 873.6955038923  917.6670898648 6939.0740000000
 437.4972859664  693.4677773657 4017.1580000000
 173.1752514535  613.9540337659 5692.9800000000
 733.3945733901  160.1728797511 4200.5110000000
  60.0097611105  377.9002136774 3896.1110000000
  39.0185979232  952.6873370969 6248.5450000000
 449.0327949149  179.7072259391 2643.6460000000
 771.6375115149  480.3010869241 1769.0140000000
 765.5203715016  918.4788553949 8173.4890000000
 823.7523573975  617.4417206109 2467.9310000000
 805.9433608899  604.3509771130 3415.2370000000
 878.6110491007  441.6702230301 6125.6720000000
 745.7617932506  674.1987994942 1355.3580000000
 592.7735742884  622.2025668119 6147.6650000000
 870.6723537110  218.6709776347 9988.1750000000
 738.6327411135  248.9244253641 9383.6840000000
 480.2577842240  951.6431016272 4427.3330000000
 457.0562775526  744.1859558637 4164.6870000000
 865.6093901657  202.9848601360 5733.1440000000
 640.4435569376  453.5190401963 9281.5690000000
 898.0573524153  827.8884266930 8099.3240000000
 932.0624520856  200.6524396367 5404.4250000000
 108.7998169362  264.8678662577 2888.3040000000
 217.5897862720  572.7949481859 6661.3780000000
 885.5922106191  649.8078720141 5476.9190000000
 925.1722668917  701.4253015588  678.6300000000
 680.1039656911  812.2050943761 6561.5580000000
 114.4307750366  471.2348116594 7212.9780000000
 699.9945683370  597.9713325906 5280.4980000000
 691.4749191680  246.7220724735 5938.0530000000
 161.9405142761  527.6229309141 5766.5920000000
 153.7159444270  595.4192267189 3298.3010000000
 693.2496304050  612.7799718435 9289.7400000000
 857.9238788131   23.9356591438 2411.2510000000
 193.0698933088  807.4414964496  448.6890000000
 778.1395485681  264.3928816843 2538.5960000000
 378.5278655441  208.1338640746 1607.2200000000
 233.9184770279  164.2565731221 9888.6910000000
 245.5530601784  675.9257331682 5341.0710000000
 828.1894976901  171.2537546461 6654.3820000000
 839.7218203364   19.0770486229 9688.2930000000
 338.3341913877  870.7756435088 2896.7310000000
 552.6120187645  530.2023914152 6814.7930000000
 102.4019000922   49.7776848044 6791.9210000000
 798.8281217861  345.0658199693 7875.4930000000
 378.7164495242  524.8279263193 3968.9250000000
 474.9363811334  407.4104369486 7644.9950000000
 623.7320736244  101.2785098972  251.6760000000
 312.8274286232  459.1983958294 3404.1750000000
 817.7401612789  815.3438077088 3622.5170000000
 797.2525609053  396.4481982954 6813.5390000000
 106.9879578062  262.4129810656 8153.3660000000
  72.8987455629   56.2059259844 2512.1540000000
 655.1344190909  718.7873568955 2985.8440000000
 494.7801558206  341.2653882985 7102.8810000000
 787.3011897909  723.6580357691 4128.8590000000
 623.3929837466  908.6073821984  389.6170000000
 140.3614591671  282.4531988714 2297.7920000000
 400.8595390654  100.5993629999 2308.2500000000
 528.5606542641  281.1851136305  628.2980000000
 506.5724730308  589.9611131377 3246.5720000000
 811.7969405791  634.4523601767 6713.3250000000
 942.3071937542  341.0187353335 8404.9950000000
 982.8902599469  121.1148602511 1856.4840000000
 371.2044847487    8.4625131442 3753.6540000000
 532.7377773913  456.6589357221 9999.4930000000
 688.2219607609  145.9478627738 8955.2040000000
 519.0813134020  495.9652103980  725.6870000000
 459.2418416922  471.3414085938 2528.0840000000
 562.5752827699  314.1726230119 6794.2230000000
 880.7492607176  622.5385905659 4422.5040000000
 677.4011798429  456.8033148194 1517.6930000000
 604.4666765163   71.8743821496 8190.1200000000
 663.5882035206  736.1136641221 5125.5910000000
 383.0297775879  181.6218044279 7886.1660000000
  42.3883934839  352.6716795239  192.0480000000
 940.3884419840  355.9559992061 6806.3440000000
 799.2326839289  786.8674155098 2852.1510000000
 589.7397694693  252.7121556895 5905.4510000000
 652.5277110216  200.3891244437  459.0670000000
 922.0543320832  483.8584286946 8264.6450000000
 129.4543093539   55.9564069836 4585.3020000000
 799.9298168737  876.8090749452 2982.3620000000
 387.1327428774  263.2306874138 5855.3750000000
  17.2841070238  455.3741994973 2291.7720000000
 751.4836624232  526.0822732340 9492.5510000000
 349.4935119277  894.2371672893 1205.7640000000
 185.7037658710  256.0145594655 6116.3110000000
 517.6481792015  412.8762459814  427.8550000000
 971.7207839762  655.8752626032 5155.9320000000
 442.4402331538  312.5727182733 3232.0670000000
 463.9336903059  517.0510141500  133.7460000000
 357.9634390881  576.7896327360 2313.2950000000
 824.7898784206  232.7889191158 8372.7270000000
 105.3388525051  902.1464904800 6767.4710000000
 692.9519395453  253.9432293891 7719.4470000000
 615.0909069113    1.8861583366 5121.9510000000
  80.3572193263  115.4956197934  436.0230000000
  18.3738576846  121.8038927246 2163.9950000000
 804.7420264376  580.7103976569 8263.2840000000
 483.6171760691   70.0369728041 3890.5620000000
  96.4525889127  892.2027099624 2020.5370000000
 149.4992401432  127.2928397010 1626.3170000000
 876.7373611735  517.5242086114 6182.2240000000
 994.1230171981  456.9465618726 7847.8600000000
 589.9334827783  732.3380011890 1324.5150000000
 134.5410780506  857.7278983294 8848.6890000000
 432.3531528484  422.6459219489  800.1740000000
 555.1523210346  224.7012003135 3637.8340000000
 700.4136305116  303.7823811340 8581.4350000000
 206.6431343231   32.4744286869 1660.9700000000
 671.7000218510  467.2347089811 1980.4050000000
 555.7420722536  701.3067413101  560.1500000000
 623.3639735044  566.2367161742  455.5860000000
 182.4240362417  321.4855536856 7460.0870000000
  18.1430897161  749.5118123093 2451.4040000000
 767.0924975353  910.6874392988 5616.7100000000
 581.2931483110  533.6645987798 9173.5380000000
 560.1069285837  976.5759104083 1837.9930000000
 531.2824418129  473.5330084349 3323.6450000000
 126.3568197055  512.9439531107 7256.8810000000
 988.8125631065  724.5725338273 3518.8680000000
 176.5561076645  829.1907534508 4889.4580000000
 995.8214597228  290.9103269266  788.9420000000
 674.2233024251  504.7694241867 6254.9120000000
 348.0513781359  988.7511995662 2030.4160000000
 105.3534925285  772.2115418254 7192.7930000000
 848.2065510446  420.1988029637 9425.6280000000
 950.0384250494  313.5452906148  131.6030000000
 685.2745697110  712.5054727305 2894.7360000000
 557.3071044141  649.0078807981 8403.8910000000
 549.3715029099  519.2916098683  902.0130000000
  24.3190954743  396.4432062824 3948.2800000000
 207.8299269881   61.6371290641  111.2900000000
 467.5124014449  872.3040755379 5788.7000000000
 551.7559333835  489.9081468411 6177.1590000000
 568.0131189431   26.8701362077 5154.6610000000
 322.2706635791  922.4262281856 1534.3360000000
 219.8080020260   88.6531281419 7841.5340000000
 642.9020391389  441.6210139249 4542.1800000000
 921.6757693684  615.8307704815 3463.1970000000
 210.3851299726  545.6242279794 1358.3250000000
 569.6443778855  791.1466604635 9396.4010000000
 174.8670660315  933.7689299385 4026.9070000000
  34.6338009126  674.4881756551 8451.0210000000
 809.1242833784  586.8398221349 7514.0600000000
 280.7463225469  963.8215731317 9335.7540000000
 510.7394047137  349.7338582681 4815.9050000000
 395.3773482221  376.7260617287 7756.6040000000
 283.5898226741  269.0490169492 3280.7000000000
 288.4472920014  615.3352596433  135.8870000000
 933.9604150478  836.5177431522  374.4590000000
 669.0845247826  626.8665733192 7341.7850000000
 919.3118401953  768.9185707677 2194.1430000000
 344.6660263533  428.0286466243   60.4220000000
 275.2694046070  665.7994951846 9979.2890000000
 696.6728216077  577.6924433508 2330.8140000000
 790.4784460338  648.1305550275 6045.1570000000
  84.1877122017  710.0799529069 3823.1170000000
 614.5082819168  139.0767247591 1280.4100000000
 791.9767627611  677.7152817845 2416.5940000000
 585.3781026819  214.9439825513 7411.0730000000
 281.7131072661  394.2873593960 5988.5020000000
 610.8889244570  269.8860111295 2389.6670000000
 899.6520316840  554.1947826345 9740.3010000000
 588.3676113954  107.5339887495  752.6950000000
 741.4959176741  976.3797321901 3263.5790000000
 305.2813829340  430.2610064351 9798.1430000000
 146.1286479958  359.6566226516 9504.0970000000
  29.7526324703  142.8028043224 9633.5070000000
 778.1831363302   29.0611432126 7156.1340000000
 621.8762402556  946.2508332129 1168.7540000000
 629.3942414403  624.7612808041 4367.6490000000
 820.3348476078  567.8614810756 2081.1250000000
 607.8044618874  264.4851381605 7234.9380000000
 274.2791641767  269.2712553803  732.0080000000
 950.6562736839  169.1026390784 2907.6860000000
  87.1477721383  290.8561708567 1511.3670000000
 171.9656237040   49.1660898623 7424.3950000000
 352.0699151146  834.9615611522 9632.0260000000
 991.8425506047  224.0893378885   85.8620000000
 919.7801558066  449.4172629456 6973.1400000000
 966.1019109077  799.1380813774 3400.9620000000
 529.2575300619   50.7381690430 4126.5780000000
 787.6964106425  618.3526997489 3773.6710000000
 323.8096459864  801.2860764383 3747.8220000000
 334.3562795093  801.7419052840 8230.9290000000
 594.5200155853   25.7862503133 1039.0210000000
  29.6461889718  666.1201701452 5924.2100000000
 558.3282032675  891.2702302969 3549.6160000000
 428.7894765425  722.0901662813 5898.9050000000
 855.9051001014  674.0297543602 2291.6690000000
 770.8852771992  282.8675217703 9959.0900000000
 809.2057938846  762.2342749253 2723.8240000000
 610.0617465904  358.1061861252 8323.6370000000
 918.9077231668  680.8718992776 8719.2570000000
 278.1067153723  830.0002674446 7354.7970000000
 517.6373372844  134.9767454373 6927.8160000000
 489.2231244607  107.3032328182  842.5420000000
 376.5889375579  528.5505434419 7667.8210000000
 694.8948495758  261.6869972483 6266.3460000000
 645.6091416594  482.8992617869 1804.9020000000
  77.0754085972  101.7282271433 3968.6020000000
  84.7957607536  323.0573633176 9128.4370000000
 245.5747353676  311.9655194118 3317.0580000000
 715.5839274887  272.0923559517 1124.1900000000
 617.8689306976   54.3598087304 5483.0400000000
 922.4777670223  556.7178432669 1336.9110000000
 115.1631863853  718.9950573824 6411.8440000000
 610.9628220038  825.8117559149 6759.8910000000
 638.1691219520  540.9139155173 6624.4540000000
 258.6185615360  176.4605289967 8889.6520000000
 892.3721287326  836.0205084534 1597.3420000000
 867.2526765071  804.7912317575 8721.4580000000
 539.5833022817  715.5051529608 9269.8560000000
 762.4891283693  406.3329569871 4482.6050000000
 557.1161038213  424.6861649515  595.8290000000
 520.6185392296  170.5378445048 8221.2880000000
 705.6992334992  326.6046048576 7575.3430000000
 702.4724014876  696.1075145833 9374.2480000000
 432.5757643356  966.4941928319 7680.7960000000
 511.2384390151  718.7045243644 2479.6600000000
 578.8489418479  361.8580057620 7553.8440000000
 481.3964460794  934.1632428177 7605.3190000000
 304.0550594341  462.0883987807 5040.6120000000
 163.3221789306  832.9984588586 6616.9200000000
 491.4678052124  705.8104159817 1514.7290000000
 852.5524211116  673.3179581568 4877.0550000000
  32.8161194220  415.3255585658 4692.7270000000
 381.6942687484   17.2766935734 5570.8640000000
 209.6860211082  844.1494995528 1174.7580000000
  50.5638312679  572.3070249523 4796.3890000000
 462.9122733950  520.6493656893 2364.3560000000
 916.9470341793   14.6389725716 7502.6150000000
 163.3130446448  891.0831438677 3572.1550000000
 955.2804999215  553.5258913188 2940.6680000000
 232.3296748445  487.1574765890 4546.6190000000
 356.6250442767  916.7829557633 9617.2210000000
 196.8795956472   53.5704296627 7675.3540000000
 384.0135008418  319.1584593796 2876.1270000000
 257.1693215356  441.6111287021 4157.6300000000
 399.4704569873  605.6528565737 7725.5620000000
 380.2300712166   76.5770252562 6775.2070000000
 679.1537130684  853.3038612369 7883.4560000000
 158.4807866159  455.1287801381 2916.0160000000
 462.8804041513  151.3468463715 2212.0530000000
 965.3792244939  238.1448745800 2384.2510000000
 922.9357026179  366.6579901220 7700.4660000000
 746.0616439504  934.6865337616 9629.9110000000
 760.5925386984  416.5192445240 5348.0430000000
 967.6141158201   81.0897504188 9438.8390000000
 370.0848194065  813.2847229196 1086.0010000000
 861.9989101869  910.3499866579 3147.4320000000
 668.3275457598   87.0165123328 8103.6520000000
  84.4139389000  280.0753290899  109.7690000000
  41.4826404254  625.5607934181 2440.8590000000
 419.2728933375  633.5335642649 6693.2070000000
 469.5568083286  662.0069493418 8761.2340000000
 744.5492297039  848.5957510975 4474.2560000000
 868.4200803358  673.6979155946 4090.6460000000
 346.0641587934  378.0695901005 6731.4990000000
 441.6348564539  594.2612225257  721.4990000000
   3.1809506347  289.5810782152  686.9000000000
 316.9242575980  660.4317211008 5142.1400000000
 366.6824417266  908.4371588209 4350.0190000000
 704.5662048689  771.8897285235 2918.7510000000
 764.5267244302  286.7580603239 5109.5360000000
  55.4849489055  209.2370221273 3068.8340000000
 113.6008616893  743.4789287098  449.5240000000
 310.1943951189  878.0348409716 3224.5680000000
 424.7868705981  120.6596391784 4119.6340000000
 957.0728494812  796.0812002606 5363.0300000000
 971.6063180115  103.4167080142 7752.7960000000
 699.2710851574  852.7372574776 3119.6430000000
 481.7282731853  173.8173899132 4014.1900000000
 547.6313077932  410.0122094836 5710.9430000000
 306.8409522434  280.0314642402 2812.6500000000
 896.6075155309  714.6157794831  751.4180000000
 955.1384981924  664.2599392928 3560.7920000000
 928.0230719225  407.1586253485 2203.9590000000
 327.7336456207  116.5402395541 9802.0940000000
 651.9126599222  374.5615708190 9270.4970000000
 604.2877370037  114.3821877641 5319.8330000000
 205.8102569840  445.2421925147 4093.2850000000
 763.5169067408  323.4735639174 4910.8100000000
 164.2143496103  794.4973578973 8051.7490000000
 913.4976143355   24.3227272994 6871.5870000000
 574.9583335032  652.6891624400 8526.9200000000
 828.1925688988  490.8481660073 5650.6220000000
  52.3527219240  907.2050295330 6056.3740000000
 646.3024308265  774.5965654932 1529.1620000000
 378.5727460159  296.4747075681 9576.9700000000
 563.7764490595  884.2744801386 3288.6500000000
 852.1359917737  120.4897615385 9179.1220000000
 441.4653510702  932.1702565587    3.0690000000
 779.3628217223  167.1147704920 8672.0140000000
 626.3726392794  434.1114156622 8980.3470000000
 532.7178502698  980.0867950226 6950.2290000000
 440.4749375299  877.1620502851 9805.4340000000
  46.5245220166  696.9843353846 8293.3180000000
 892.1608014597  741.6630916080 4965.6320000000
 330.3177859043  660.2948645485 8424.5190000000
 297.0815795506    4.7012242135 7941.6690000000
 945.2314019253  469.7525999337 9475.3970000000
 917.5565935526  435.3314337298 1419.8750000000
 596.9690443241  389.8347144180 2490.5360000000
 122.7989877419  686.5205406662 4634.6130000000
 286.1491646212  264.1513928082 8270.5020000000
 288.7567816346  812.0779493168 7217.4700000000
 354.9914078130  702.7455214816 4170.4370000000
 970.7438607145  701.8584720381 1461.0130000000
 357.5081658153  104.2382891862 6893.2990000000
 240.6905538046  395.9128557991 8969.2630000000
 834.8975284318  529.9394543602 5756.7730000000
 351.4280542732  964.9828686417 6352.3940000000
 721.0340660679  961.4169989470 1756.1200000000
 613.8115404725  835.0884254143 7236.1250000000
 455.0868262460  616.9421204014 9845.1980000000
   9.7088168261   88.8725622192  422.1970000000
 705.5441163754  769.7551341775 3036.8140000000
 249.3962158073  443.5684008767 1799.4700000000
 476.0471554316  566.6800589469  472.4820000000
 771.0000866946  629.9770100637 7528.2820000000
 878.3912197020  276.7169231437 8790.3720000000
 300.0058284759  669.7402930841 9285.5150000000
 930.0259695905  963.4970953617 8657.1750000000
 687.8433176861  758.6890389580 6864.7090000000
 814.7344792600  955.6911201548  922.1380000000
 651.5333690619  846.8198393238 6293.6360000000
 388.9885071908  535.5041323571 9665.5740000000
 984.4714763989  593.0121069783 1698.9100000000
 618.9082295725  753.8841228406  584.5400000000
 716.5954306010  744.2284675100 9470.1440000000
 689.3598419507  157.1172699325 1288.6040000000
 407.3889276502  520.1062025269 3630.1990000000
 879.0326729642  841.6442067411 6740.9590000000
 266.4932925741  698.1415520275  697.3580000000
 881.4649982731  682.1082272405 5315.5750000000
 544.0226778584  510.8414327384 1442.7880000000
  57.8694085225  763.9386211106 3759.4450000000
 719.6509641895  451.9827783391  733.8360000000
 414.7586783108  129.7269233150 8228.6820000000
 469.4482144768  707.0480230283 6761.2550000000
 737.6474435617  474.1153114733 1955.6650000000
 399.4485826853  283.7001939144 8245.1710000000
 906.8121771277  622.4104824371 1917.5000000000
 722.7498943089  429.2355705688 5288.6770000000
 645.4980024827  652.8837230766 8998.5900000000
 712.6205383607  537.0602555276 3205.7530000000
 774.7626485694  693.3478154106  925.6330000000
  99.8625137573  214.4836089345 2417.4110000000
 988.5995773306  482.0248577946   24.0770000000
 981.7730769508  307.6023825029 4130.4110000000
 532.1933910773  145.6929848365 9392.0330000000
  78.9627706199  549.8994454719 5449.7600000000
 324.5351553363  652.7311292186  170.6470000000
 791.4303989924  761.7694564869 7510.8970000000
 672.8234403339  552.0485671118 8437.4350000000
 867.2879674076  616.4128503585 1550.5400000000
 982.2507727685  842.4954976316 5058.3790000000
 176.8584284535  388.7217631484 5185.6440000000
 774.0378918506  734.9486315274 3271.7160000000
  74.7132110624  600.9039516743  875.8120000000
 932.9649589561  192.4976515367 2476.0090000000
 798.2903147188  399.6227652013 1162.2760000000
 759.0943851044  161.9099499960 8760.8870000000
 880.1152445961  971.4381030949 8081.8380000000
 987.7613147542  458.7364772625 2222.9460000000
 400.5227079859  497.9661043112 3640.8630000000
 156.2785507178  129.1170618761 2592.8220000000
 260.2513238522  541.2503807159 2615.5460000000
 269.9380136797  495.9076608997  672.0610000000
 358.5746060980  346.5379227123  651.9140000000
 686.3647796462  888.6488725164 6518.7110000000
 398.9829047237  171.3547370102 8822.5890000000
  75.3979051689  561.6967836370 2175.7480000000
 955.3017972771  254.0403235826 8826.6230000000
 596.6698226513  500.6754886178 8422.6090000000
 786.2798570696  579.8755388595  981.3330000000
 492.7304680282  602.4649349203  931.8900000000
 224.7506343382  893.0132487018 4357.9140000000
 840.7145564154  161.7289691597 1184.3730000000
 751.5701934949  938.2116239073 5880.8780000000
 507.7343791318  197.3022615378 4358.0200000000
 727.7326206771  245.6233596208 3189.3160000000
 476.8391882710   73.5559918355 8451.6260000000
 255.5576986166  739.6457594519 6508.4720000000
 762.8753790738  198.6453471817 2391.0880000000
 501.8435312161  450.8203120729 3884.7430000000
 527.3056501165  574.3661218793 2524.3130000000
 686.5715970760  825.4321225955 4796.4670000000
 682.6442611376  310.7358224119 6436.8880000000
 647.9249221460  797.9369262106 1485.7600000000
   1.4268947891  255.1553036985 5580.7870000000
 175.6432816551  446.8628560750 9201.2050000000
 309.2855375601  895.9362877317 6937.3680000000
 578.4641652037  776.5289953322 3953.9240000000
 841.7387587806  128.6526425974 2437.2640000000
 553.0393702560  828.2159063692 4146.0010000000
 921.0643641231  189.9262150290 9705.6350000000
 860.6384744421  851.6417900426 4524.3080000000
 201.8376697025  606.7969880407  932.8650000000
 524.5130072194  876.6223751583 3057.6650000000
 326.4286281775  842.4725220316 8297.6600000000
 837.6909614166  485.2863266828 3462.3470000000
 707.5443784190   74.9357803256 4870.3620000000
 942.6822909060  459.0131624540 4860.7410000000
 642.5548676816  279.4926824038 2746.2960000000
 807.0423913722  872.2398710141 1319.6380000000
 190.0337499989  226.8744980559 4218.1310000000
 190.7361371164   34.6006937993 5365.9420000000
 375.4742038227  804.8570278493 3977.3740000000
 472.0343790959  897.5949033306 2825.3530000000
 810.1805133593   44.7282282219 7991.7170000000
 680.9878476821  393.2471620034 9999.0050000000
 721.5553728610  627.1825021046 8159.2730000000
 666.4021709531  957.4950922118 6028.4420000000
 517.8693405751  370.8335256556 6883.7870000000
 299.9494817118  805.6746050886 2763.4480000000
 206.4193520996  107.0636928300 6106.5310000000
 976.6463461365  512.1786402277 5221.8100000000
 408.0541924148  426.3808983871 5299.1500000000
 304.3706771770   40.9581035330 8215.5130000000
  67.3536813503  474.3729325906 9664.6490000000
 856.9284996761  561.4063984213 8533.1790000000
 747.4207075149  382.2967264430 5976.9170000000
 689.3411206518  449.8896332769 8551.7850000000
 169.1259793630   63.0102328387 9747.4430000000
 145.0846652298  647.8217198362 1858.3450000000
 251.0240701275  182.6650353286 4844.7620000000
 409.9428584109  649.7036983919 6669.8180000000
 720.6707642844  752.3636704322 9379.8960000000
 544.9519108737  502.1924146719   41.0820000000
 587.7853575221  259.4654985074 9150.6160000000
  41.8710062374  276.2390701096 8259.2860000000
 631.2649218146  789.5704782051 9718.6180000000
 641.7654916876   47.1863908346 3869.9280000000
  86.8674389729  559.5816126885 8255.0530000000
 514.5980459158  794.2758343425 1616.0090000000
   9.9934209752  496.3594355571 7578.6640000000
 361.7109156165  172.6873595962 7565.6240000000
 203.8352230964  431.0849836468 3742.9960000000
 441.8977219049  474.6158933957 2943.4270000000
  71.1212862577  536.7447569284 9489.5980000000
 475.3573460698  485.5801229145 5974.0040000000
 486.1601248356  385.5014785011 3726.2440000000
 310.1781766635  358.6400382324 7415.8770000000
 560.3248511247  438.4760392849 9735.3330000000
 776.9369517007  120.7584587083 3657.6050000000
